1.000000000 -0.000000000 0.000000000 0.000000000 -0.000000000 0.999999940 0.000000000 0.000000000 0.000000000 0.000000000 1.000000000 0.000000000
0.999991298 -0.002469015 -0.003360471 -0.002821739 0.002461622 0.999994457 -0.002202142 -0.005213912 0.003365889 0.002193851 0.999991953 0.666744709
0.999972105 -0.001426470 -0.007332806 -0.012032252 0.001400713 0.999992847 -0.003516533 -0.011463454 0.007337770 0.003506164 0.999966919 1.368097544
0.999936700 -0.001187057 -0.011185732 -0.027750069 0.001131715 0.999987125 -0.004952578 -0.013357677 0.011191465 0.004939605 0.999925077 2.068459272
0.999870241 0.000033616 -0.016108600 -0.047013599 -0.000124952 0.999983907 -0.005669021 -0.015820730 0.016108152 0.005670298 0.999854147 2.798532963
0.999791741 -0.000789796 -0.020393157 -0.062854394 0.000672797 0.999983251 -0.005743394 -0.029705465 0.020397356 0.005728477 0.999775529 3.535638809
0.999688447 0.001088252 -0.024935823 -0.087939866 -0.001266974 0.999973595 -0.007152615 -0.032054797 0.024927381 0.007181980 0.999663413 4.291878700
0.999558508 0.003789437 -0.029471375 -0.122270197 -0.004018615 0.999962032 -0.007720991 -0.043227624 0.029440999 0.007836017 0.999535799 5.051964760
0.999417007 0.004086744 -0.033898402 -0.153257519 -0.004294806 0.999972522 -0.006067329 -0.049541108 0.033872675 0.006209380 0.999406815 5.848011017
0.999253929 0.003463828 -0.038468983 -0.186861441 -0.003602432 0.999987304 -0.003534282 -0.054985709 0.038456246 0.003670227 0.999253511 6.649150372
0.999131143 0.003133762 -0.041562326 -0.230499879 -0.003163152 0.999994814 -0.000641397 -0.063670725 0.041560099 0.000772308 0.999135673 7.453806400
0.999025106 0.004426636 -0.043924801 -0.278093725 -0.004491451 0.999989033 -0.001377023 -0.072544247 0.043918215 0.001572967 0.999033868 8.259740829
0.998917043 0.004252573 -0.046331726 -0.316941828 -0.004357314 0.999988139 -0.002159929 -0.075272985 0.046321992 0.002359472 0.998923719 9.113596916
0.998853624 0.001447606 -0.047847558 -0.360600471 -0.001576584 0.999995232 -0.002657972 -0.081243180 0.047843482 0.002730361 0.998851061 9.947157860
0.998740554 0.000976403 -0.050163642 -0.401292801 -0.001060677 0.999998033 -0.001653391 -0.091014676 0.050161928 0.001704517 0.998739600 10.797078133
0.998635232 -0.000846413 -0.052222047 -0.442168683 0.000725859 0.999996960 -0.002327422 -0.096066862 0.052223861 0.002286340 0.998632729 11.651892662
0.998548269 0.001523647 -0.053842779 -0.490241766 -0.001742644 0.999990404 -0.004020628 -0.113550842 0.053836133 0.004108620 0.998541296 12.501991272
0.998477936 0.001920828 -0.055120036 -0.547797084 -0.002305589 0.999973416 -0.006917662 -0.119467460 0.055105276 0.007034217 0.998455763 13.370958328
0.998397052 0.005770004 -0.056303896 -0.613757253 -0.006261026 0.999943912 -0.008548431 -0.134415343 0.056251407 0.008887248 0.998376966 14.243206978
0.998302817 0.006401225 -0.057884522 -0.658976972 -0.006874914 0.999944508 -0.007987932 -0.147765338 0.057830166 0.008372325 0.998291314 15.138640404
0.998226881 0.006260478 -0.059193771 -0.716829062 -0.006639107 0.999958754 -0.006201908 -0.168027937 0.059152491 0.006583904 0.998227239 16.023324966
0.998156130 0.007054414 -0.060289159 -0.779177189 -0.007370093 0.999960303 -0.005015305 -0.177000314 0.060251396 0.005450393 0.998168349 16.919939041
0.998107314 0.006693368 -0.061132416 -0.838861585 -0.006987064 0.999965012 -0.004591750 -0.196516514 0.061099552 0.005010196 0.998119116 17.826131821
0.997983575 0.006438646 -0.063145079 -0.893924892 -0.006799325 0.999961734 -0.005498692 -0.207448870 0.063107245 0.005916948 0.997989178 18.725543976
0.997919977 0.004920541 -0.064276502 -0.954534829 -0.005320728 0.999967515 -0.006056348 -0.220972821 0.064244606 0.006385747 0.997913718 19.640012741
0.997880936 0.004796103 -0.064888515 -1.011756420 -0.005085915 0.999977827 -0.004301861 -0.233571380 0.064866431 0.004622763 0.997883201 20.558731079
0.997878253 0.006642152 -0.064766824 -1.078668594 -0.006738699 0.999976456 -0.001272369 -0.241486266 0.064756840 0.001706113 0.997899592 21.477844238
0.997934699 0.007696226 -0.063773334 -1.142031908 -0.007546329 0.999968112 0.002590997 -0.251793563 0.063791230 -0.002104391 0.997960985 22.407190323
0.998056650 0.006903465 -0.061927106 -1.209172368 -0.006601444 0.999965250 0.005080298 -0.254829764 0.061960019 -0.004661618 0.998067737 23.341651917
0.998140097 0.006736706 -0.060588848 -1.263997436 -0.006370804 0.999960303 0.006230274 -0.264492244 0.060628418 -0.005832685 0.998143375 24.280933380
0.998221099 0.007163186 -0.059188277 -1.321019650 -0.006974563 0.999969959 0.003392799 -0.271431863 0.059210792 -0.002973951 0.998241127 25.225139618
0.998259306 0.007627176 -0.058482923 -1.377894521 -0.007717734 0.999969423 -0.001322761 -0.277438670 0.058471035 0.001771816 0.998287559 26.165666580
0.998339057 0.007503537 -0.057120383 -1.435298443 -0.007761846 0.999960601 -0.004301644 -0.289140195 0.057085853 0.004737859 0.998358011 27.112485886
0.998374879 0.004767509 -0.056787293 -1.483697057 -0.004964544 0.999982059 -0.003329112 -0.299058169 0.056770410 0.003605624 0.998380721 28.072666168
0.998407185 0.003075192 -0.056333981 -1.550207853 -0.002982161 0.999994040 0.001735404 -0.310246944 0.056338973 -0.001564642 0.998410463 29.043453217
0.998361111 -0.000722061 -0.057224609 -1.601193190 0.001029637 0.999985158 0.005345581 -0.322805643 0.057219900 -0.005395740 0.998346984 30.004713058
0.998257160 -0.008118188 -0.058453780 -1.649245977 0.008414304 0.999953032 0.004821464 -0.330433577 0.058411889 -0.005304909 0.998278439 30.980962753
0.998166084 -0.010378057 -0.059640553 -1.705627322 0.010444776 0.999945045 0.000807057 -0.334722102 0.059628900 -0.001428508 0.998219609 31.946901321
0.998090446 -0.009970691 -0.060959019 -1.769943714 0.009789760 0.999946713 -0.003265961 -0.341221929 0.060988337 0.002662952 0.998134911 32.921508789
0.997979522 -0.008673157 -0.062941305 -1.844474435 0.008432439 0.999956012 -0.004089098 -0.348319054 0.062973998 0.003550088 0.998008966 33.909679413
0.997929156 -0.008811815 -0.063716471 -1.897950768 0.008689966 0.999959826 -0.002189221 -0.370773345 0.063733205 0.001630993 0.997965634 34.876987457
0.997857153 -0.005860932 -0.065167636 -1.966911316 0.005913945 0.999982357 0.000620625 -0.383363336 0.065162852 -0.001004692 0.997874081 35.876674652
0.997782767 -0.005548005 -0.066323332 -2.034759998 0.005683366 0.999982119 0.001852445 -0.393952489 0.066311873 -0.002225278 0.997796595 36.852073669
0.997733772 -0.004472888 -0.067135952 -2.104857445 0.004787232 0.999978304 0.004522056 -0.403611660 0.067114271 -0.004833205 0.997733593 37.827346802
0.997735083 -0.004536287 -0.067113139 -2.170120716 0.005056243 0.999958396 0.007579623 -0.411062688 0.067075968 -0.007901795 0.997716486 38.814865112
0.997705221 0.001285327 -0.067695275 -2.247820377 -0.000630843 0.999952793 0.009688580 -0.410769612 0.067704521 -0.009623643 0.997658968 39.803627014
0.997691214 0.001552809 -0.067896388 -2.324801683 -0.000945567 0.999959230 0.008974880 -0.416199923 0.067907557 -0.008889956 0.997651935 40.797138214
0.997705042 0.001603297 -0.067691721 -2.385007858 -0.001089548 0.999970317 0.007625786 -0.425977439 0.067701951 -0.007534531 0.997677088 41.778633118
0.997702539 0.003895118 -0.067635819 -2.466163635 -0.003552716 0.999980330 0.005181986 -0.428647101 0.067654677 -0.004929790 0.997696519 42.772098541
0.997657180 0.003518311 -0.068321742 -2.542221785 -0.003163222 0.999980986 0.005304791 -0.433677495 0.068339102 -0.005076247 0.997649133 43.749500275
0.997576714 0.001385190 -0.069562048 -2.605532408 -0.000931083 0.999977946 0.006560089 -0.444745779 0.069569610 -0.006479423 0.997556031 44.734985352
0.997508883 0.001733285 -0.070520088 -2.672921658 -0.001179113 0.999968112 0.007899237 -0.454191476 0.070531540 -0.007796409 0.997478962 45.720180511
0.997519255 0.004462617 -0.070253015 -2.755948544 -0.004160798 0.999981403 0.004441914 -0.468090624 0.070271537 -0.004138586 0.997519255 46.680389404
0.997421861 0.005025452 -0.071584515 -2.829190731 -0.005035958 0.999987304 0.000033724 -0.473284632 0.071583770 0.000326859 0.997434556 47.647476196
0.997345150 0.004968414 -0.072649688 -2.884231091 -0.005060348 0.999986589 -0.001081431 -0.479038000 0.072643332 0.001446193 0.997357011 48.609584808
0.997344017 0.004028782 -0.072722971 -2.958257675 -0.003842808 0.999989033 0.002697012 -0.493140876 0.072733030 -0.002410389 0.997348547 49.590984344
0.997338533 0.001823694 -0.072886877 -3.029741526 -0.001410821 0.999982715 0.005715645 -0.503380120 0.072896026 -0.005597603 0.997323871 50.553199768
0.997317731 -0.000424065 -0.073192477 -3.093244553 0.000891492 0.999979436 0.006353732 -0.509311974 0.073188275 -0.006401940 0.997297525 51.507148743
0.997278273 -0.003726871 -0.073634818 -3.161432266 0.004103606 0.999979258 0.004965616 -0.516163588 0.073614791 -0.005254270 0.997272849 52.467105865
0.997246742 -0.006828548 -0.073839486 -3.230526447 0.007146438 0.999966264 0.004041795 -0.527871072 0.073809400 -0.004558354 0.997261941 53.419837952
0.997143209 -0.008261307 -0.075081192 -3.300870657 0.008662148 0.999949872 0.005014681 -0.534690499 0.075036004 -0.005650718 0.997164786 54.377162933
0.997032225 -0.011552711 -0.076112479 -3.373175859 0.012284544 0.999882519 0.009153983 -0.539317369 0.075997807 -0.010061823 0.997057199 55.325759888
0.996983528 -0.011813191 -0.076708376 -3.441924095 0.012936383 0.999815941 0.014161977 -0.543663204 0.076526955 -0.015111590 0.996952951 56.264457703
0.996993840 -0.009994836 -0.076833278 -3.526511908 0.011265475 0.999806583 0.016122006 -0.541756392 0.076657273 -0.016939109 0.996913493 57.210487366
0.996869326 -0.008692408 -0.078586504 -3.600223064 0.009663952 0.999881327 0.011990830 -0.541743040 0.078472950 -0.012712748 0.996835172 58.142372131
0.996773779 -0.007355774 -0.079924770 -3.675732136 0.007738777 0.999959946 0.004483342 -0.547868490 0.079888582 -0.005087398 0.996790707 59.065460205
0.996739626 -0.005172881 -0.080520444 -3.760741949 0.005131291 0.999986470 -0.000723446 -0.551526904 0.080523103 0.000307913 0.996752620 59.978023529
0.996681094 -0.000564999 -0.081402764 -3.843225956 0.000589933 0.999999821 0.000282248 -0.563055456 0.081402585 -0.000329332 0.996681273 60.874252319
0.996563315 0.002009681 -0.082810432 -3.921239376 -0.001781080 0.999994397 0.002834312 -0.577943325 0.082815669 -0.002677079 0.996561170 61.772846222
0.996446669 0.004724714 -0.084093846 -3.997398853 -0.004372659 0.999980867 0.004370146 -0.589547992 0.084112883 -0.003986904 0.996448159 62.661911011
0.996356308 0.005275999 -0.085126169 -4.076094627 -0.004902880 0.999977469 0.004591592 -0.608647883 0.085148476 -0.004157498 0.996359527 63.537086487
0.996234775 0.006848968 -0.086425133 -4.160174370 -0.006423897 0.999965847 0.005195523 -0.613645136 0.086457759 -0.004620777 0.996244788 64.380386353
0.996105075 0.007897678 -0.087819330 -4.239073753 -0.007431133 0.999956489 0.005638216 -0.622709155 0.087860033 -0.004963660 0.996120453 65.222808838
0.995977521 0.007565490 -0.089282855 -4.313087940 -0.007043921 0.999956250 0.006155419 -0.632371366 0.089325525 -0.005501758 0.995987296 66.043518066
0.995888472 0.007506145 -0.090275832 -4.388648510 -0.006888201 0.999950767 0.007154691 -0.638947129 0.090325095 -0.006503436 0.995891094 66.848106384
0.995706260 0.010056443 -0.092020445 -4.465443134 -0.009198237 0.999910235 0.009745622 -0.642624617 0.092110194 -0.008857353 0.995709419 67.651481628
0.995584607 0.011699454 -0.093138121 -4.546120644 -0.010430004 0.999846041 0.014104887 -0.653230965 0.093288802 -0.013071177 0.995553255 68.440299988
0.995406210 0.014667009 -0.094611965 -4.629069328 -0.013226192 0.999787092 0.015837852 -0.653850794 0.094824128 -0.014513741 0.995388150 69.213562012
0.995245993 0.017625796 -0.095783927 -4.712935448 -0.016574347 0.999793351 0.011761860 -0.664614022 0.095971443 -0.010118390 0.995332718 69.959602356
0.995104790 0.017663868 -0.097234011 -4.786862373 -0.017299591 0.999839783 0.004588279 -0.672339916 0.097299471 -0.002883712 0.995250940 70.682548523
0.994969904 0.016789064 -0.098756582 -4.859449863 -0.016999971 0.999854624 -0.001294472 -0.678874493 0.098720469 0.002966820 0.995110750 71.393928528
0.994942129 0.017324621 -0.098944470 -4.935449600 -0.017674226 0.999840200 -0.002657813 -0.682440639 0.098882630 0.004393137 0.995089352 72.086830139
0.994810641 0.020047810 -0.099748395 -5.013238907 -0.020041913 0.999798536 0.001061322 -0.694605350 0.099749573 0.000943334 0.995012045 72.763038635
0.994677842 0.020607792 -0.100951165 -5.086961746 -0.020355662 0.999786615 0.003527126 -0.712969899 0.101002291 -0.001453427 0.994885087 73.414459229
0.994645715 0.017204463 -0.101901077 -5.148057938 -0.017273661 0.999850810 0.000203386 -0.723922133 0.101889357 0.001557908 0.994794548 74.039764404
0.994731188 0.009045485 -0.102117367 -5.198074341 -0.009582541 0.999942601 -0.004769850 -0.739450932 0.102068402 0.005723261 0.994760871 74.656867981
0.994853914 0.005105053 -0.101190917 -5.251980782 -0.006134359 0.999932468 -0.009863355 -0.744489074 0.101133749 0.010433339 0.994818032 75.255279541
0.995134652 0.007268779 -0.098255932 -5.308750153 -0.008302430 0.999914348 -0.010115203 -0.756748378 0.098174013 0.010881753 0.995109797 75.838844299
0.995507360 0.012442098 -0.093863003 -5.376001358 -0.013148250 0.999889672 -0.006908548 -0.772858381 0.093766697 0.008111645 0.995561242 76.404403687
0.995946944 0.010853088 -0.089285605 -5.425663948 -0.011231430 0.999929965 -0.003736115 -0.783320904 0.089238822 0.004723779 0.995999038 76.963775635
0.996476829 0.007352452 -0.083544753 -5.460543156 -0.007370832 0.999972820 0.000088425 -0.788177371 0.083543129 0.000527681 0.996503949 77.509819031
0.997148991 0.002714223 -0.075409681 -5.486616135 -0.002433111 0.999989688 0.003819432 -0.806212902 0.075419284 -0.003625060 0.997145295 78.035827637
0.997876942 0.006489350 -0.064803399 -5.519167423 -0.006269676 0.999973893 0.003592653 -0.813567996 0.064825036 -0.003178729 0.997891545 78.552062988
0.998692393 0.011751333 -0.049754765 -5.546192646 -0.011613844 0.999927938 0.003051529 -0.820006132 0.049787033 -0.002469695 0.998756766 79.056823730
0.999365807 0.016717095 -0.031443316 -5.564065456 -0.016619662 0.999856293 0.003357507 -0.823172450 0.031494923 -0.002832800 0.999499977 79.550842285
0.999840558 0.015348080 -0.009136934 -5.556279659 -0.015308968 0.999873400 0.004335124 -0.833922148 0.009202305 -0.004194555 0.999948919 80.031669617
0.999789357 0.011908143 0.016715458 -5.521085739 -0.011990966 0.999916255 0.004863352 -0.835008264 -0.016656140 -0.005062762 0.999848485 80.481079102
0.998886108 0.010733424 0.045951355 -5.473358154 -0.011037628 0.999918818 0.006371533 -0.842896223 -0.045879234 -0.006871630 0.998923361 80.937057495
0.996817827 0.010307543 0.079045892 -5.416985989 -0.010971343 0.999908030 0.007967931 -0.851253748 -0.078956500 -0.008809816 0.996839106 81.388092041
0.993087113 0.010439145 0.116914988 -5.344788551 -0.011507247 0.999897897 0.008464416 -0.855351567 -0.116814688 -0.009751275 0.993105829 81.833068848
0.987328887 0.010252774 0.158355638 -5.257294655 -0.011726644 0.999896109 0.008375740 -0.861990035 -0.158253342 -0.010126591 0.987346590 82.228218079
0.979026675 0.009856950 0.203493670 -5.142564774 -0.011772764 0.999896944 0.008206237 -0.866838515 -0.203391835 -0.010429808 0.979041874 82.645103455
0.967611194 0.012035405 0.252158076 -5.003765106 -0.013990413 0.999884367 0.005961617 -0.873957932 -0.252057195 -0.009296325 0.967667699 83.046592712
0.952052593 0.013292111 0.305645406 -4.855089188 -0.014977181 0.999882758 0.003168741 -0.881107152 -0.305567443 -0.007594516 0.952140093 83.432533264
0.932291210 0.013704513 0.361448765 -4.674188614 -0.014839995 0.999889731 0.000365737 -0.880808175 -0.361403942 -0.005704871 0.932391822 83.802459717
0.908156097 0.013277121 0.418421090 -4.479793549 -0.014258763 0.999898016 -0.000780516 -0.895459652 -0.418388784 -0.005257336 0.908252776 84.136772156
0.879291952 0.013862688 0.476081312 -4.267818451 -0.014120357 0.999895692 -0.003035883 -0.900344968 -0.476073831 -0.004053010 0.879395962 84.442665100
0.845698416 0.012698578 0.533509851 -4.028049469 -0.011838376 0.999917269 -0.005034265 -0.907868385 -0.533529699 -0.002058420 0.845778763 84.747749329
0.808747292 0.012196301 0.588029861 -3.768131256 -0.010537368 0.999924958 -0.006246824 -0.918097019 -0.588061869 -0.001144184 0.808815062 85.036453247
0.769010246 0.010985903 0.639141917 -3.490810394 -0.009625557 0.999938011 -0.005606058 -0.926105738 -0.639163852 -0.001840980 0.769068301 85.302017212
0.726881385 0.010683886 0.686679900 -3.196960449 -0.010813767 0.999933124 -0.004110859 -0.927855194 -0.686677933 -0.004437489 0.726948261 85.540519714
0.682011664 0.009905180 0.731274128 -2.892932892 -0.009704240 0.999942780 -0.004493813 -0.929788291 -0.731276870 -0.004031627 0.682068825 85.760414124
0.636209488 0.008076435 0.771474004 -2.563636780 -0.006315008 0.999966264 -0.005260698 -0.943707228 -0.771490574 -0.001524959 0.636238992 85.959991455
0.590384662 0.004462011 0.807109535 -2.232833862 0.000588118 0.999982059 -0.005958480 -0.952291965 -0.807121694 0.003992472 0.590371370 86.125946045
0.543866813 0.006329319 0.839147747 -1.898025513 -0.001571735 0.999977469 -0.006523716 -0.964392543 -0.839170039 0.002229114 0.543864429 86.293342590
0.497174680 0.009669412 0.867596507 -1.558544159 -0.004841875 0.999953210 -0.008369907 -0.966085196 -0.867636979 -0.000039489 0.497198194 86.447250366
0.452040583 0.011087332 0.891928434 -1.219764709 -0.005280836 0.999938548 -0.009753582 -0.980264783 -0.891981721 -0.000301113 0.452071249 86.576835632
0.409355104 0.009281685 0.912328005 -0.865642548 0.001275880 0.999941468 -0.010745509 -0.983435273 -0.912374198 0.005562749 0.409319252 86.692375183
0.368489116 0.001383916 0.929631114 -0.495460510 0.015725821 0.999846399 -0.007721876 -0.994433343 -0.929499030 0.017464636 0.368410707 86.805496216
0.333130836 -0.002037948 0.942878366 -0.129196167 0.019795341 0.999792337 -0.004832982 -0.996551871 -0.942672729 0.020274613 0.333101988 86.896865845
0.299745768 0.001625633 0.954017758 0.235012054 0.017228823 0.999826133 -0.007116866 -1.006411672 -0.953863442 0.018569853 0.299665600 86.993316650
0.269001037 0.009236509 0.963095665 0.605546951 0.006679210 0.999912024 -0.011455157 -1.020317078 -0.963116646 0.009514165 0.268915653 87.092544556
0.240587324 0.013855649 0.970528603 0.984855652 0.001402252 0.999892116 -0.014622460 -1.037743449 -0.970626473 0.004878903 0.240541920 87.179748535
0.214838639 0.015424181 0.976527810 1.374673843 0.002812502 0.999861360 -0.016411493 -1.051785946 -0.976645529 0.006272309 0.214765504 87.245376587
0.191402718 0.016986337 0.981364608 1.785490036 0.009880312 0.999766231 -0.019231878 -1.059844017 -0.981461883 0.013377223 0.191190138 87.301597595
0.171407178 0.022879729 0.984934628 2.195517540 0.016806738 0.999516904 -0.026143333 -1.064061880 -0.985056877 0.021034695 0.170939863 87.342491150
0.151672035 0.030118054 0.987971961 2.623888969 0.019091835 0.999260008 -0.033393119 -1.056966782 -0.988246441 0.023926999 0.150984809 87.397842407
0.134043932 0.030791147 0.990496993 3.063153267 0.016878519 0.999301195 -0.033349019 -1.070002913 -0.990831614 0.021188354 0.133430555 87.453330994
0.118768916 0.026524864 0.992567599 3.526641846 0.014640911 0.999487638 -0.028461702 -1.093804836 -0.992813945 0.017912464 0.118319705 87.503555298
0.104182743 0.023368746 0.994283676 3.992914200 0.014365866 0.999584198 -0.024998613 -1.113244295 -0.994454384 0.016888166 0.103803694 87.546356201
0.090934426 0.020902840 0.995637596 4.490440845 0.017390236 0.999593854 -0.022574199 -1.125940084 -0.995705009 0.019367142 0.090533987 87.582656860
0.079305194 0.019977080 0.996650159 4.984303474 0.020949166 0.999544978 -0.021702066 -1.141906500 -0.996630192 0.022600077 0.078850619 87.608924866
0.069125652 0.020839851 0.997390211 5.493424416 0.024529023 0.999443948 -0.022582784 -1.152628422 -0.997306347 0.026026051 0.068576045 87.634933472
0.061184309 0.021381699 0.997897446 6.031754494 0.026504397 0.999383152 -0.023038602 -1.163891792 -0.997774541 0.027858270 0.060579866 87.662078857
0.055789303 0.021644080 0.998207867 6.582215309 0.028400250 0.999325991 -0.023255600 -1.180686712 -0.998038590 0.029646767 0.055137012 87.683845520
0.050448012 0.022597689 0.998470902 7.141295433 0.029801544 0.999264717 -0.024121383 -1.195827246 -0.998282075 0.030972853 0.049737476 87.704307556
0.044462465 0.023378344 0.998737514 7.728029251 0.029987369 0.999244392 -0.024725206 -1.213946342 -0.998560905 0.031048853 0.043727819 87.728851318
0.039701391 0.023367120 0.998938262 8.335684776 0.032360476 0.999172032 -0.024658706 -1.227360249 -0.998687327 0.033305109 0.038912352 87.751190186
0.036907442 0.023440074 0.999043763 8.958614349 0.033586267 0.999131024 -0.024682889 -1.242891788 -0.998753965 0.034465134 0.036088102 87.767913818
0.034031793 0.022667421 0.999163628 9.595546722 0.034838833 0.999108195 -0.023852782 -1.265709400 -0.998813331 0.035621446 0.033211738 87.782402039
0.031552877 0.022009501 0.999259710 10.251230240 0.037018962 0.999045908 -0.023173707 -1.284999013 -0.998816311 0.037722759 0.030708008 87.801155090
0.030856872 0.021700224 0.999288201 10.931436539 0.041093484 0.998891413 -0.022960527 -1.303163767 -0.998678684 0.041772712 0.029930925 87.814216614
0.032104526 0.021237083 0.999258876 11.620119095 0.044815429 0.998738050 -0.022665860 -1.320956826 -0.998479247 0.045509890 0.031112265 87.829872131
0.034435384 0.021053854 0.999185145 12.326693535 0.046601061 0.998656750 -0.022648755 -1.343096972 -0.998319745 0.047343012 0.033407997 87.855842590
0.038183860 0.021256739 0.999044597 13.057303429 0.048969686 0.998532712 -0.023117488 -1.361149073 -0.998070061 0.049805619 0.037086900 87.882469177
0.042706590 0.020626292 0.998874664 13.794852257 0.049304396 0.998525202 -0.022727067 -1.382805347 -0.997870266 0.050219513 0.041626640 87.912506104
0.046723600 0.019000355 0.998727143 14.554670334 0.051092770 0.998464882 -0.021385645 -1.401713371 -0.997600257 0.052026954 0.045681089 87.947685242
0.050451763 0.017679784 0.998569906 15.321316719 0.050187789 0.998535156 -0.020214856 -1.420801044 -0.997464657 0.051135894 0.049490549 87.995666504
0.054855093 0.015302731 0.998377085 16.111700058 0.047617693 0.998704791 -0.017924076 -1.441975117 -0.997358203 0.048523642 0.054055374 88.037872314
0.058531832 0.014308569 0.998183012 16.907258987 0.046880398 0.998754740 -0.017065754 -1.460407972 -0.997184098 0.047794122 0.057788156 88.098701477
0.062737122 0.015054732 0.997916579 17.710628510 0.044410806 0.998853624 -0.017860893 -1.483291507 -0.997041583 0.045438822 0.061996616 88.156799316
0.065981872 0.019208852 0.997635901 18.502208710 0.041952524 0.998877168 -0.022007417 -1.506898046 -0.996938527 0.043305431 0.065101922 88.202964783
0.067314222 0.024932504 0.997420251 19.303871155 0.036081206 0.998973072 -0.027406378 -1.526427865 -0.997079313 0.037832957 0.066345483 88.268218994
0.067147754 0.027854346 0.997354150 20.111040115 0.033237003 0.998992980 -0.030137829 -1.555425406 -0.997189343 0.035172753 0.066154331 88.329772949
0.067205742 0.027284399 0.997365952 20.934663773 0.030971618 0.999087214 -0.029418452 -1.590679407 -0.997258306 0.032867134 0.066299349 88.395950317
0.067310080 0.025420457 0.997408211 21.750753403 0.027969329 0.999234438 -0.027354512 -1.624706030 -0.997339964 0.029738074 0.066547558 88.458396912
0.067535006 0.023950703 0.997429430 22.563468933 0.029227763 0.999235272 -0.025973056 -1.659424663 -0.997288644 0.030906722 0.066783339 88.508712769
0.067258403 0.023238612 0.997464895 23.387136459 0.026445745 0.999335885 -0.025065418 -1.694627523 -0.997385025 0.028064566 0.066599175 88.582756042
0.067489214 0.023805348 0.997435987 24.200229645 0.024737226 0.999368012 -0.025525251 -1.726150751 -0.997413278 0.026396478 0.066857666 88.638816833
0.067193337 0.024445418 0.997440517 25.013233185 0.021648213 0.999428749 -0.025952492 -1.759094954 -0.997505009 0.023336640 0.066625752 88.705245972
0.065982461 0.025725219 0.997489035 25.829269409 0.018726343 0.999459565 -0.027014757 -1.792048216 -0.997645020 0.020461826 0.065465063 88.771820068
0.062973119 0.025625145 0.997686148 26.634979248 0.015711153 0.999520957 -0.026663942 -1.821522117 -0.997891486 0.017353915 0.062540352 88.827621460
0.059296850 0.024327451 0.997943819 27.455657959 0.013638269 0.999589980 -0.025177946 -1.849910259 -0.998147190 0.015103203 0.058940750 88.882331848
0.054674461 0.021825498 0.998265624 28.268280029 0.011888059 0.999676049 -0.022507433 -1.880197287 -0.998433411 0.013098022 0.054397278 88.928939819
0.048467241 0.019749118 0.998629510 29.075937271 0.009581693 0.999749303 -0.020236298 -1.909645796 -0.998778820 0.010549359 0.048265867 88.972480774
0.041073114 0.020143446 0.998952985 29.886510849 0.009527292 0.999743283 -0.020551106 -1.937800884 -0.999110699 0.010361415 0.040870667 89.003456116
0.032475933 0.020805495 0.999255955 30.687870026 0.009445427 0.999732196 -0.021122387 -1.965847015 -0.999427915 0.010124369 0.032270726 89.029304504
0.022511443 0.021388672 0.999517739 31.491878510 0.009999191 0.999716222 -0.021618126 -1.991547465 -0.999696553 0.010481025 0.022291193 89.048561096
0.012285545 0.020352656 0.999717414 32.285278320 0.011418736 0.999724746 -0.020493127 -2.020592451 -0.999859214 0.011667275 0.012049760 89.054054260
0.001282394 0.019355344 0.999811888 33.079223633 0.010165551 0.999760687 -0.019367397 -2.049444914 -0.999947429 0.010188474 0.001085330 89.058906555
-0.009736937 0.018685468 0.999778032 33.864799500 0.011382062 0.999762654 -0.018574333 -2.074973345 -0.999887764 0.011198676 -0.009947304 89.047950745
-0.020808769 0.019053673 0.999601841 34.643543243 0.011991254 0.999751151 -0.018806895 -2.099054337 -0.999711573 0.011595131 -0.021032069 89.032081604
-0.032024451 0.019655522 0.999293745 35.421382904 0.011991230 0.999742210 -0.019280057 -2.124439240 -0.999415159 0.011365328 -0.032251887 89.007377625
-0.042253830 0.020581571 0.998894870 36.196601868 0.011402238 0.999732614 -0.020116508 -2.153930187 -0.999041975 0.010539638 -0.042477217 88.964294434
-0.052678034 0.021702567 0.998375714 36.960597992 0.012111347 0.999704182 -0.021092402 -2.176983356 -0.998538196 0.010980566 -0.052925311 88.924247742
-0.062178984 0.022215953 0.997817755 37.717586517 0.013056704 0.999684751 -0.021443892 -2.208619118 -0.997979581 0.011694850 -0.062449455 88.873374939
-0.071644507 0.022951074 0.997166157 38.489223480 0.013622875 0.999664485 -0.022029795 -2.232442379 -0.997337162 0.012005956 -0.071933120 88.809700012
-0.080941588 0.023241773 0.996447802 39.230491638 0.014368172 0.999651492 -0.022149364 -2.261158943 -0.996615231 0.012524327 -0.081247300 88.748161316
-0.089568332 0.022631556 0.995723546 39.964324951 0.015657354 0.999650240 -0.021312380 -2.286171436 -0.995857596 0.013681483 -0.089891329 88.678436279
-0.096882418 0.021476334 0.995064080 40.698036194 0.016943833 0.999657929 -0.019925777 -2.315304756 -0.995151579 0.014929742 -0.097213171 88.601341248
-0.102194704 0.019895418 0.994565427 41.419563293 0.019751173 0.999643445 -0.017967505 -2.340523481 -0.994568288 0.017807648 -0.102551237 88.526557922
-0.105998620 0.018515535 0.994193912 42.129928589 0.023340952 0.999597490 -0.016127611 -2.361071825 -0.994092345 0.021495925 -0.106388114 88.445632935
-0.108536258 0.017324010 0.993941545 42.844093323 0.024618786 0.999588370 -0.014734115 -2.381545067 -0.993787646 0.022870446 -0.108918078 88.361511230
-0.110398792 0.016318556 0.993753374 43.527130127 0.024578774 0.999604225 -0.013684110 -2.404406071 -0.993583500 0.022914529 -0.110756204 88.286933899
-0.110950813 0.016859571 0.993682921 44.194839478 0.025933525 0.999564707 -0.014063728 -2.425217867 -0.993487477 0.024209321 -0.111339740 88.209419250
-0.109834738 0.017857529 0.993789434 44.846080780 0.026641330 0.999532223 -0.015016291 -2.444737434 -0.993592739 0.024826564 -0.110259101 88.137077332
-0.106858023 0.019511130 0.994082868 45.468490601 0.027439455 0.999484420 -0.016667571 -2.467254162 -0.993895590 0.025496027 -0.107338294 88.071495056
-0.101988353 0.020049339 0.994583488 46.099266052 0.027716769 0.999465942 -0.017305579 -2.485703230 -0.994399428 0.025801677 -0.102489583 88.012779236
-0.094014905 0.020891272 0.995351493 46.694637299 0.027376130 0.999455929 -0.018391633 -2.503721237 -0.995194376 0.025519785 -0.094535679 87.961845398
-0.082702443 0.020792402 0.996357381 47.280353546 0.026011726 0.999486685 -0.018698609 -2.527249336 -0.996234775 0.024370557 -0.083200842 87.922332764
-0.069192737 0.020777123 0.997386873 47.835617065 0.025569964 0.999491513 -0.019047072 -2.552514315 -0.997275531 0.024185229 -0.069688827 87.894119263
-0.052100826 0.022062954 0.998398185 48.375740051 0.023700126 0.999501646 -0.020850565 -2.579542637 -0.998360515 0.022575827 -0.052597761 87.876815796
-0.030816494 0.024539692 0.999223828 48.907188416 0.021930255 0.999474525 -0.023869511 -2.601044178 -0.999284446 0.021177661 -0.031338468 87.879547119
-0.006049134 0.027467163 0.999604285 49.427688599 0.019737493 0.999431193 -0.027342964 -2.625890732 -0.999786913 0.019564280 -0.006587826 87.890037537
0.022009205 0.029053686 0.999335468 49.930393219 0.017756937 0.999408662 -0.029446885 -2.650407314 -0.999600053 0.018393243 0.021480288 87.921546936
0.055254653 0.028569615 0.998063505 50.438282013 0.015077740 0.999452591 -0.029444113 -2.672178268 -0.998358548 0.016675465 0.054793648 87.972610474
0.093860999 0.026211243 0.995240211 50.953765869 0.014931425 0.999504030 -0.027731711 -2.692192554 -0.995473325 0.017463278 0.093423083 88.028808594
0.135956451 0.022549385 0.990458071 51.441219330 0.012730415 0.999618709 -0.024505395 -2.711844683 -0.990633011 0.015940610 0.135617569 88.121246338
0.181566328 0.018464934 0.983205259 51.943481445 0.009921443 0.999738455 -0.020607598 -2.729955196 -0.983328640 0.013496459 0.181335628 88.233627319
0.229894608 0.015359302 0.973094285 52.423210144 0.005715942 0.999836981 -0.017131807 -2.746644497 -0.973198712 0.009500661 0.229769319 88.378425598
0.282146096 0.013389155 0.959277987 52.882377625 0.001746248 0.999893844 -0.014469662 -2.769211292 -0.959369838 0.005757696 0.282092750 88.536956787
0.335929215 0.013252350 0.941794038 53.347663879 0.001270700 0.999893725 -0.014523143 -2.784909248 -0.941886365 0.006075485 0.335876644 88.741172791
0.394263387 0.014286416 0.918886542 53.788394928 0.003298964 0.999850631 -0.016960686 -2.792596102 -0.918991566 0.009718350 0.394157380 88.957122803
0.453705907 0.017941248 0.890970945 54.202453613 0.003949937 0.999747038 -0.022143058 -2.805033684 -0.891142726 0.013565714 0.453520298 89.209640503
0.511501431 0.020582842 0.859035909 54.574237823 0.005398014 0.999616325 -0.027165379 -2.829831123 -0.859265447 0.018532217 0.511194050 89.491668701
0.569764614 0.025023561 0.821426988 54.945095062 0.001461824 0.999503732 -0.031462371 -2.839544296 -0.821806669 0.019126922 0.569445252 89.793342590
0.626271725 0.027856894 0.779107094 55.289428711 -0.002358868 0.999424458 -0.033838183 -2.854172945 -0.779601336 0.019354085 0.625976980 90.110298157
0.678358674 0.030123331 0.734113157 55.606021881 -0.004981119 0.999324620 -0.036403112 -2.860502958 -0.734713912 0.021037664 0.678050637 90.463661194
0.726037920 0.028289411 0.687072515 55.853401184 -0.004948693 0.999342501 -0.035917420 -2.869934320 -0.687636852 0.022677297 0.725700498 90.802520752
0.771229982 0.025487995 0.636046052 56.116882324 -0.007490636 0.999492288 -0.030969530 -2.883347988 -0.636512458 0.019120242 0.771029353 91.189727783
0.812388003 0.020792536 0.582746446 56.350006104 -0.008274472 0.999674439 -0.024133455 -2.893483162 -0.583058596 0.014783807 0.812295616 91.589187622
0.849251747 0.019463092 0.527629256 56.581188202 -0.011618273 0.999767184 -0.018178903 -2.898984432 -0.527860284 0.009308320 0.849280238 92.018913269
0.880124509 0.013115275 0.474561661 56.776714325 -0.009892612 0.999907911 -0.009287174 -2.927412510 -0.474639773 0.003479216 0.880173147 92.455726624
0.905755579 0.014057279 0.423567355 56.938739777 -0.013666203 0.999898791 -0.003960684 -2.937192917 -0.423580140 -0.002201147 0.905855894 92.896492004
0.925679922 0.015647285 0.377983719 57.069435120 -0.016988263 0.999855757 0.000213432 -2.954935074 -0.377925754 -0.006618856 0.925812185 93.334503174
0.940715611 0.021893024 0.338488936 57.176956177 -0.024248715 0.999702215 0.002731671 -2.963327885 -0.338328302 -0.010777647 0.940966368 93.778663635
0.952470303 0.025827013 0.303534597 57.283172607 -0.027818641 0.999610484 0.002238540 -2.968312263 -0.303358525 -0.010576061 0.952817738 94.225410461
0.961686194 0.027725104 0.272746950 57.395217896 -0.029428033 0.999564588 0.002154014 -2.964942694 -0.272568405 -0.010097889 0.962083340 94.693740845
0.967810214 0.022218093 0.250698656 57.509754181 -0.023484087 0.999722004 0.002059121 -2.967154026 -0.250583202 -0.007880265 0.968062997 95.157463074
0.971744537 0.018987529 0.235270187 57.613891602 -0.020264635 0.999790013 0.003011461 -2.976576805 -0.235163614 -0.007694035 0.971925318 95.639671326
0.974620938 0.023690287 0.222604901 57.707916260 -0.024831602 0.999688923 0.002329154 -2.976013184 -0.222480431 -0.007797678 0.974905968 96.135101318
0.976649344 0.028671511 0.212917894 57.801067352 -0.029982215 0.999546051 0.002928896 -2.975807667 -0.212737277 -0.009244253 0.977065682 96.639579773
0.977737963 0.036149070 0.206692442 57.891254425 -0.037286744 0.999303281 0.001610031 -2.975235939 -0.206490204 -0.009281075 0.978404701 97.147941589
0.978006780 0.043012083 0.204090118 57.979415894 -0.043626677 0.999046803 -0.001489030 -2.991605759 -0.203959629 -0.007447492 0.978950977 97.666656494
0.978135884 0.044950090 0.203051180 58.091827393 -0.045183286 0.998972595 -0.003489318 -3.006511927 -0.202999383 -0.005761491 0.979161918 98.185020447
0.977769136 0.042144872 0.205405444 58.212974548 -0.041452829 0.999110937 -0.007673123 -3.005300760 -0.205546215 -0.001012098 0.978646874 98.708961487
0.977010190 0.041060340 0.209201574 58.334175110 -0.038885284 0.999138355 -0.014501053 -3.008113861 -0.209616736 0.006032814 0.977764964 99.258338928
0.976116478 0.040968142 0.213349655 58.456890106 -0.037729125 0.999102831 -0.019233074 -3.012968302 -0.213946193 0.010724223 0.976786673 99.816978455
0.974901617 0.046009652 0.217830375 58.576286316 -0.043003645 0.998903096 -0.018522989 -3.028457403 -0.218443677 0.008690593 0.975810826 100.396018982
0.973457992 0.049208008 0.223513603 58.704124451 -0.047083810 0.998780906 -0.014826420 -3.037366390 -0.223970696 0.003909024 0.974588037 100.988456726
0.972477436 0.046086613 0.228393763 58.844955444 -0.045059551 0.998937070 -0.009712282 -3.057443619 -0.228598595 -0.000846348 0.973520458 101.594711304
0.971799672 0.041894354 0.232056916 58.997745514 -0.042059135 0.999106109 -0.004239703 -3.067571402 -0.232027113 -0.005639971 0.972693026 102.208404541
0.970943153 0.039415516 0.236042261 59.149536133 -0.040652797 0.999173224 0.000375464 -3.075320244 -0.235832289 -0.009960332 0.971742690 102.837188721
0.970496893 0.034051735 0.238697290 59.313323975 -0.035393413 0.999372602 0.001335697 -3.087319613 -0.238502011 -0.009744602 0.971093178 103.465049744
0.970414162 0.030928852 0.239457548 59.465263367 -0.031320240 0.999506950 -0.002171590 -3.090873480 -0.239406675 -0.005392525 0.970904410 104.113983154
0.970600784 0.030556725 0.238747299 59.637435913 -0.029219611 0.999531209 -0.009138617 -3.098814011 -0.238914624 0.001893846 0.971038699 104.756866455
0.970761180 0.032763071 0.237801075 59.794853210 -0.029891996 0.999430299 -0.015670307 -3.108856201 -0.238179013 0.008103778 0.971187472 105.416206360
0.971263289 0.036007043 0.235268161 59.948623657 -0.032236468 0.999283016 -0.019854493 -3.112829685 -0.235814363 0.011699728 0.971727729 106.098999023
0.971902430 0.034090381 0.232902303 60.112716675 -0.031357042 0.999389112 -0.015429504 -3.123154640 -0.233286038 0.007692845 0.972377717 106.786918640
0.972377121 0.030070186 0.231470183 60.283561707 -0.029112650 0.999547541 -0.007552204 -3.140580654 -0.231592566 0.000604880 0.972812653 107.477355957
0.972965539 0.030411443 0.228939116 60.448402405 -0.030853568 0.999522507 -0.001648753 -3.155071497 -0.228879914 -0.005459409 0.973439455 108.197525024
0.973240316 0.033866379 0.227280408 60.604690552 -0.034274083 0.999410152 -0.002153643 -3.170281172 -0.227219239 -0.005693816 0.973827124 108.922073364
0.973555565 0.039693989 0.224975646 60.764556885 -0.039120778 0.999209881 -0.007006831 -3.173419476 -0.225075990 -0.001979685 0.974339187 109.646690369
0.974428415 0.040563975 0.221006721 60.926593781 -0.038809903 0.999171257 -0.012275113 -3.183216095 -0.221321493 0.003383967 0.975194991 110.383354187
0.975339293 0.038953390 0.217246160 61.093708038 -0.036507215 0.999216855 -0.015263650 -3.196081161 -0.217670590 0.006956185 0.975997508 111.145111084
0.976252317 0.036844574 0.213480726 61.259460449 -0.034702774 0.999302745 -0.013772782 -3.209394217 -0.213839307 0.006037338 0.976850152 111.918197632
0.977126062 0.033109680 0.210067481 61.425315857 -0.031326875 0.999439418 -0.011809552 -3.224142313 -0.210340708 0.004958663 0.977615595 112.696670532
0.977555573 0.031878017 0.208252117 61.593463898 -0.030714476 0.999489188 -0.008819262 -3.242209435 -0.208426908 0.002224963 0.978035390 113.484329224
0.977886617 0.028530700 0.207180724 61.761169434 -0.027764957 0.999592602 -0.006603389 -3.251448870 -0.207284734 0.000705000 0.978280306 114.285316467
0.978092372 0.023618747 0.206827551 61.930583954 -0.023023866 0.999720931 -0.005283093 -3.263659000 -0.206894621 0.000405382 0.978363156 115.084838867
0.978235781 0.024225103 0.206077993 62.100364685 -0.023988215 0.999705493 -0.003648355 -3.277734518 -0.206105709 -0.001374491 0.978528738 115.884658813
0.977990389 0.029693332 0.206525877 62.261756897 -0.029116040 0.999558926 -0.005834701 -3.285675526 -0.206608072 -0.000306936 0.978423715 116.702003479
0.977692068 0.035552107 0.207012758 62.420967102 -0.034389343 0.999365985 -0.009213799 -3.296349764 -0.207209110 0.001889223 0.978294790 117.512458801
0.977174401 0.043912437 0.207850873 62.582115173 -0.042652927 0.999034286 -0.010539711 -3.311112881 -0.208113000 0.001433686 0.978103697 118.336097717
0.976252973 0.049904250 0.210807189 62.745990753 -0.048874922 0.998753905 -0.010093437 -3.327152252 -0.211048186 -0.000449438 0.977475643 119.158454895
0.975410640 0.052741960 0.213991329 62.913002014 -0.052168403 0.998603523 -0.008330623 -3.341126442 -0.214131907 -0.003037809 0.976800025 119.992881775
0.974841654 0.053483509 0.216386735 63.092227936 -0.052777406 0.998565257 -0.009044689 -3.360441208 -0.216560081 -0.002603192 0.976265788 120.821701050
0.974518239 0.051674094 0.218274802 63.272911072 -0.050241165 0.998663604 -0.012113621 -3.370476723 -0.218609095 0.000838563 0.975812078 121.657958984
0.974603176 0.045407619 0.219287485 63.479465485 -0.044197597 0.998968422 -0.010423146 -3.394055843 -0.219534561 0.000466452 0.975604594 122.493141174
0.974771559 0.038823288 0.219802499 63.668167114 -0.037121981 0.999240279 -0.011866724 -3.414577007 -0.220096216 0.003407842 0.975472212 123.326385498
0.974595010 0.038169410 0.220697850 63.858070374 -0.036451548 0.999265254 -0.011852697 -3.437233210 -0.220988065 0.003506805 0.975270212 124.147743225
0.974069655 0.040599547 0.222575694 64.046340942 -0.039542519 0.999175429 -0.009205417 -3.451093197 -0.222765893 0.000165514 0.974872053 124.987426758
0.973617911 0.042828236 0.224129036 64.226860046 -0.043179914 0.999061704 -0.003334243 -3.468948841 -0.224061534 -0.006431596 0.974553704 125.819404602
0.973219275 0.046488870 0.225128740 64.404342651 -0.047877390 0.998852849 0.000709196 -3.484985352 -0.224837542 -0.011468783 0.974328697 126.648719788
0.973007321 0.045768354 0.226189971 64.589210510 -0.045744475 0.998938799 -0.005349807 -3.507324696 -0.226194814 -0.005141541 0.974068522 127.466598511
0.973311722 0.041167431 0.225763813 64.785751343 -0.037612557 0.999091625 -0.020026593 -3.522813797 -0.226383179 0.011000562 0.973976135 128.277191162
